
AIC for ARMA(p, q) models on complete data:
    0           1           2           3           4           5           
0   6.37369     5.55359     5.43646     5.25527     5.24626     5.24098     
1   5.34584     5.19494     5.21466     5.19774     5.20303     5.21491     
2   5.27453     5.21506     5.22387     5.20983     5.20675     5.2217      
3   5.17166     5.19129     5.21395     5.2236      5.24357     5.25726     
4   5.19121     5.21198     5.23148     5.24467     5.21693     5.24057     
5   5.21072     5.23122     5.25155     5.20905     5.2047      5.2538      
ARMA(3, 0) found to be the best model, ARMA(4, 0) is the second best.

AIC for ARMA(p, q) models on data w/ missing observations:
    0           1           2           3           4           5           
0   6.42546     5.67519     5.60091     5.45409     5.4469      5.45879     
1   5.47686     5.48385     5.38046     5.39256     5.41409     5.42977     
2   5.42751     5.39875     5.40487     5.41482     5.4387      5.49072     
3   5.35489     5.47345     5.54349     5.43744     5.46576     5.48285     
4   5.37794     5.37444     5.42371     5.40322     5.41591     5.50286     
5   5.40146     5.4248      5.44883     6.56238     5.51802     5.50956     
ARMA(3, 0) found to be the best model, ARMA(4, 1) is the second best.

